1 9 7.95
1 11 31.3
2 92 29.5
2 127 18.7
2 128 40.04
3 4 18.24
3 6 7.53
4 3 18.24
4 50 22.12
5 6 69.51
6 3 7.53
6 5 69.51
6 9 31.39
6 7 10.29
7 6 10.29
7 8 10.82
8 7 10.82
8 10 17.22
9 1 7.95
9 6 31.39
10 8 17.22
10 19 16.86
10 20 47.86
11 1 31.3
11 14 14.65
12 17 7.18
12 18 15.18
12 13 9.7
12 32 16.19
13 12 9.7
13 14 12.77
13 31 10.22
14 11 14.65
14 13 12.77
15 36 16.0
15 31 47.07
16 19 6.93
16 20 35.81
16 72 26.34
17 12 7.18
17 18 8.14
18 12 15.18
18 17 8.14
19 10 16.86
19 16 6.93
20 10 47.86
20 16 35.81
20 120 14.05
21 27 19.33
21 53 38.65
21 22 4.0
22 21 4.0
22 26 39.74
23 30 0.05
23 38 45.29
23 24 20.96
24 23 20.96
24 26 13.33
24 55 40.6
25 26 36.63
25 28 15.26
25 77 29.0
26 22 39.74
26 24 13.33
26 25 36.63
26 85 14.14
26 30 12.15
27 21 19.33
27 82 25.59
28 25 15.26
28 82 25.42
29 38 32.51
30 23 0.05
30 26 12.15
31 13 10.22
31 15 47.07
32 12 16.19
32 35 21.76
33 130 28.42
33 131 27.76
33 132 6.31
33 118 26.55
34 118 16.72
34 39 8.13
35 32 21.76
35 61 51.4
36 15 16.0
36 69 40.76
37 38 17.77
37 40 11.88
38 23 45.29
38 29 32.51
38 37 17.77
38 75 29.58
38 119 60.75
39 34 8.13
39 40 15.95
40 37 11.88
40 39 15.95
41 42 9.65
41 143 23.15
41 48 6.53
42 41 9.65
42 47 3.86
43 109 10.5
44 140 16.96
44 109 4.33
45 47 1.75
46 49 15.58
46 125 6.36
47 42 3.86
47 45 1.75
47 129 34.33
47 130 309.5
47 48 6.34
47 124 19.48
47 125 3.02
48 41 6.53
48 47 6.34
48 108 11.31
49 46 15.58
49 50 11.93
50 4 22.12
50 49 11.93
51 59 16.34
52 137 14.67
52 59 13.99
53 21 38.65
53 133 26.29
53 134 23.16
53 71 174.95
53 72 168.22
53 54 8.75
53 56 18.54
54 53 8.75
54 59 21.89
55 24 40.6
55 119 56.41
55 71 191.99
56 53 18.54
56 75 22.06
57 58 18.62
57 59 31.43
57 60 17.24
57 61 95.59
57 80 61.72
58 57 18.62
58 82 36.0
59 51 16.34
59 52 13.99
59 54 21.89
59 57 31.43
59 60 15.31
59 61 126.96
60 57 17.24
60 59 15.31
61 35 51.4
61 57 95.59
61 59 126.96
61 62 30.02
61 70 60.78
61 72 40.15
62 61 30.02
62 63 8.32
63 62 8.32
63 65 20.74
63 64 9.76
64 63 9.76
64 81 16.57
65 63 20.74
65 66 24.63
66 65 24.63
66 99 12.18
67 99 22.2
68 99 17.54
68 88 19.84
69 36 40.76
69 70 7.84
70 61 60.78
70 69 7.84
70 80 59.41
71 53 174.95
71 55 191.99
71 119 226.28
72 16 26.34
72 53 168.22
72 61 40.15
72 73 13.07
72 96 61.93
73 72 13.07
73 74 10.88
74 73 10.88
74 121 29.78
74 97 14.22
75 38 29.58
75 56 22.06
76 98 32.78
76 83 27.15
77 25 29.0
77 98 15.83
77 100 20.35
77 78 16.26
78 77 16.26
78 103 17.41
78 79 13.63
79 78 13.63
79 85 16.26
79 86 16.11
80 57 61.72
80 70 59.41
81 64 16.57
81 82 43.41
82 27 25.59
82 28 25.42
82 58 36.0
82 81 43.41
82 83 7.2
83 76 27.15
83 82 7.2
84 142 13.42
84 87 5.75
85 26 14.14
85 79 16.26
85 86 5.94
86 79 16.11
86 85 5.94
87 84 5.75
87 108 11.58
88 68 19.84
88 89 11.71
88 96 8.21
89 88 11.71
89 94 24.39
89 95 10.65
89 96 7.57
90 91 7.35
90 93 11.13
91 90 7.35
91 92 10.4
92 2 29.5
92 91 10.4
92 93 8.89
92 95 36.82
92 106 15.87
93 90 11.13
93 92 8.89
94 89 24.39
94 121 15.59
95 89 10.65
95 92 36.82
95 127 33.42
96 72 61.93
96 88 8.21
96 89 7.57
96 97 32.38
96 121 24.51
97 74 14.22
97 96 32.38
98 76 32.78
98 77 15.83
98 99 18.62
99 66 12.18
99 67 22.2
99 68 17.54
99 98 18.62
99 101 12.01
99 105 41.44
100 77 20.35
100 101 21.02
100 103 21.35
101 99 12.01
101 100 21.02
102 105 8.73
102 103 26.14
103 78 17.41
103 100 21.35
103 102 26.14
104 105 8.83
104 107 10.29
105 99 41.44
105 102 8.73
105 104 8.83
106 92 15.87
106 107 9.74
107 104 10.29
107 106 9.74
108 48 11.31
108 87 11.58
109 43 10.5
109 44 4.33
109 142 12.79
110 117 8.2
110 111 18.43
111 110 18.43
111 113 7.45
111 112 10.68
111 114 30.32
112 111 10.68
113 111 7.45
113 118 3.58
114 111 30.32
114 145 20.45
114 130 11.7
114 115 7.8
114 116 10.69
115 114 7.8
115 116 10.93
116 114 10.69
116 115 10.93
116 117 12.26
117 110 8.2
117 116 12.26
118 33 26.55
118 34 16.72
118 113 3.58
119 38 60.75
119 55 56.41
119 71 226.28
120 20 14.05
120 121 41.82
120 123 15.67
121 74 29.78
121 94 15.59
121 96 24.51
121 120 41.82
121 126 23.12
122 129 18.74
123 120 15.67
123 124 7.01
124 47 19.48
124 123 7.01
125 46 6.36
125 47 3.02
126 121 23.12
126 128 15.88
127 2 18.7
127 95 33.42
127 129 30.6
127 128 21.36
128 2 40.04
128 126 15.88
128 127 21.36
128 129 12.11
129 47 34.33
129 122 18.74
129 127 30.6
129 128 12.11
130 33 28.42
130 47 309.5
130 114 11.7
130 131 25.95
130 145 9.15
130 144 16.3
131 33 27.76
131 130 25.95
131 135 22.46
132 33 6.31
132 133 7.31
133 53 26.29
133 132 7.31
134 53 23.16
134 137 26.79
135 131 22.46
135 136 38.77
136 135 38.77
136 137 8.79
137 52 14.67
137 134 26.79
137 136 8.79
138 139 12.68
138 140 15.07
139 138 12.68
139 141 5.75
140 44 16.96
140 138 15.07
141 139 5.75
141 142 7.84
141 143 19.78
142 84 13.42
142 109 12.79
142 141 7.84
142 143 12.03
143 41 23.15
143 141 19.78
143 142 12.03
144 130 16.3
145 114 20.45
145 130 9.15
0 145 0
