0 1 0
1 9 12.03
1 11 47.38
2 92 44.65
2 127 28.3
2 128 60.6
3 4 27.6
3 6 11.4
4 3 27.6
4 50 33.49
5 6 105.21
6 3 11.4
6 5 105.21
6 9 47.51
6 7 15.57
7 6 15.57
7 8 16.37
8 7 16.37
8 10 26.06
9 1 12.03
9 6 47.51
10 8 26.06
10 19 25.51
10 20 72.44
11 1 47.38
11 14 22.18
12 17 10.87
12 18 22.98
12 13 14.68
12 32 24.5
13 12 14.68
13 14 19.33
13 31 15.47
14 11 22.18
14 13 19.33
15 36 24.22
15 31 71.24
16 19 10.49
16 20 54.2
16 72 39.87
17 12 10.87
17 18 12.32
18 12 22.98
18 17 12.32
19 10 25.51
19 16 10.49
20 10 72.44
20 16 54.2
20 120 21.27
21 27 29.26
21 53 58.5
21 22 6.05
22 21 6.05
22 26 60.15
23 30 0.08
23 38 68.54
23 24 31.72
24 23 31.72
24 26 20.18
24 55 61.46
25 26 55.44
25 28 23.1
25 77 43.9
26 22 60.15
26 24 20.18
26 25 55.44
26 85 21.4
26 30 18.39
27 21 29.26
27 82 38.73
28 25 23.1
28 82 38.47
29 38 49.2
30 23 0.08
30 26 18.39
31 13 15.47
31 15 71.24
32 12 24.5
32 35 32.93
33 130 43.01
33 131 42.02
33 132 9.55
33 118 40.18
34 118 25.31
34 39 12.31
35 32 32.93
35 61 77.8
36 15 24.22
36 69 61.69
37 38 26.89
37 40 17.99
38 23 68.54
38 29 49.2
38 37 26.89
38 75 44.77
38 119 91.95
39 34 12.31
39 40 24.13
40 37 17.99
40 39 24.13
41 42 14.6
41 143 35.05
41 48 9.88
42 41 14.6
42 47 5.84
43 109 15.89
44 140 25.67
44 109 6.56
45 47 2.65
46 49 23.58
46 125 9.63
47 42 5.84
47 45 2.65
47 129 51.96
47 130 468.44
47 48 9.6
47 124 29.48
47 125 4.57
48 41 9.88
48 47 9.6
48 108 17.12
49 46 23.58
49 50 18.06
50 4 33.49
50 49 18.06
51 59 24.73
52 137 22.2
52 59 21.17
53 21 58.5
53 133 39.78
53 134 35.05
53 71 264.8
53 72 254.61
53 54 13.24
53 56 28.07
54 53 13.24
54 59 33.13
55 24 61.46
55 119 85.38
55 71 290.59
56 53 28.07
56 75 33.39
57 58 28.18
57 59 47.57
57 60 26.1
57 61 144.68
57 80 93.41
58 57 28.18
58 82 54.49
59 51 24.73
59 52 21.17
59 54 33.13
59 57 47.57
59 60 23.17
59 61 192.17
60 57 26.1
60 59 23.17
61 35 77.8
61 57 144.68
61 59 192.17
61 62 45.43
61 70 92.0
61 72 60.77
62 61 45.43
62 63 12.6
63 62 12.6
63 65 31.38
63 64 14.77
64 63 14.77
64 81 25.07
65 63 31.38
65 66 37.28
66 65 37.28
66 99 18.43
67 99 33.6
68 99 26.54
68 88 30.03
69 36 61.69
69 70 11.86
70 61 92.0
70 69 11.86
70 80 89.92
71 53 264.8
71 55 290.59
71 119 342.48
72 16 39.87
72 53 254.61
72 61 60.77
72 73 19.79
72 96 93.73
73 72 19.79
73 74 16.47
74 73 16.47
74 121 45.08
74 97 21.52
75 38 44.77
75 56 33.39
76 98 49.62
76 83 41.1
77 25 43.9
77 98 23.96
77 100 30.8
77 78 24.61
78 77 24.61
78 103 26.35
78 79 20.62
79 78 20.62
79 85 24.61
79 86 24.38
80 57 93.41
80 70 89.92
81 64 25.07
81 82 65.7
82 27 38.73
82 28 38.47
82 58 54.49
82 81 65.7
82 83 10.9
83 76 41.1
83 82 10.9
84 142 20.31
84 87 8.7
85 26 21.4
85 79 24.61
85 86 8.99
86 79 24.38
86 85 8.99
87 84 8.7
87 108 17.52
88 68 30.03
88 89 17.73
88 96 12.42
89 88 17.73
89 94 36.91
89 95 16.12
89 96 11.46
90 91 11.12
90 93 16.85
91 90 11.12
91 92 15.75
92 2 44.65
92 91 15.75
92 93 13.46
92 95 55.74
92 106 24.02
93 90 16.85
93 92 13.46
94 89 36.91
94 121 23.6
95 89 16.12
95 92 55.74
95 127 50.59
96 72 93.73
96 88 12.42
96 89 11.46
96 97 49.01
96 121 37.1
97 74 21.52
97 96 49.01
98 76 49.62
98 77 23.96
98 99 28.18
99 66 18.43
99 67 33.6
99 68 26.54
99 98 28.18
99 101 18.18
99 105 62.72
100 77 30.8
100 101 31.82
100 103 32.32
101 99 18.18
101 100 31.82
102 105 13.22
102 103 39.56
103 78 26.35
103 100 32.32
103 102 39.56
104 105 13.37
104 107 15.58
105 99 62.72
105 102 13.22
105 104 13.37
106 92 24.02
106 107 14.74
107 104 15.58
107 106 14.74
108 48 17.12
108 87 17.52
109 43 15.89
109 44 6.56
109 142 19.36
110 117 12.42
110 111 27.9
111 110 27.9
111 113 11.27
111 112 16.16
111 114 45.89
112 111 16.16
113 111 11.27
113 118 5.42
114 111 45.89
114 145 30.95
114 130 17.7
114 115 11.81
114 116 16.18
115 114 11.81
115 116 16.54
116 114 16.18
116 115 16.54
116 117 18.56
117 110 12.42
117 116 18.56
118 33 40.18
118 34 25.31
118 113 5.42
119 38 91.95
119 55 85.38
119 71 342.48
120 20 21.27
120 121 63.3
120 123 23.71
121 74 45.08
121 94 23.6
121 96 37.1
121 120 63.3
121 126 34.99
122 129 28.36
123 120 23.71
123 124 10.62
124 47 29.48
124 123 10.62
125 46 9.63
125 47 4.57
126 121 34.99
126 128 24.04
127 2 28.3
127 95 50.59
127 129 46.31
127 128 32.32
128 2 60.6
128 126 24.04
128 127 32.32
128 129 18.33
129 47 51.96
129 122 28.36
129 127 46.31
129 128 18.33
130 33 43.01
130 47 468.44
130 114 17.7
130 131 39.28
130 145 13.84
130 144 24.67
131 33 42.02
131 130 39.28
131 135 34.0
132 33 9.55
132 133 11.06
133 53 39.78
133 132 11.06
134 53 35.05
134 137 40.55
135 131 34.0
135 136 58.67
136 135 58.67
136 137 13.3
137 52 22.2
137 134 40.55
137 136 13.3
138 139 19.19
138 140 22.8
139 138 19.19
139 141 8.7
140 44 25.67
140 138 22.8
141 139 8.7
141 142 11.86
141 143 29.93
142 84 20.31
142 109 19.36
142 141 11.86
142 143 18.21
143 41 35.05
143 141 29.93
143 142 18.21
144 130 24.67
145 114 30.95
145 130 13.84
